5000 200
22 470 530 573 636 787 880 956 1938 2010 2087 2144 2149 2765 2916 3153 3188 3191 3443 3452 3536 3704 3751
33 321 389 419 637 749 984 1183 1256 1504 1511 1552 1633 1667 1806 1856 2024 2211 2339 2577 3022 3033 3144 3489 3699 3988 4165 4213 4302 4450 4488 4715 4812 4875
24 83 107 109 315 783 1222 1362 1445 1853 2363 2423 2471 2740 2818 2910 2943 3137 3392 3898 4507 4513 4520 4541 4809
28 42 92 152 381 448 545 648 701 947 1094 1225 1452 1869 2192 2256 2360 2462 2790 2935 2975 3083 3106 3444 3655 4573 4663 4928 4946
26 96 313 458 535 656 1124 1130 1264 1617 1721 1860 2469 2499 2868 3267 3283 3427 3428 3541 3629 3707 4237 4292 4474 4752 4800
18 1023 1229 1567 1769 2106 2634 2687 2735 2786 2843 2933 3001 3012 3440 3885 4037 4383 4974
25 176 199 349 516 707 864 977 1007 1141 1151 1245 1594 2187 2873 2982 3028 3123 3463 3731 3752 3865 3879 3958 4270 4296
25 231 365 940 1287 1496 1786 1808 1849 1958 2050 2283 2619 2914 3115 3430 3558 3837 3844 4090 4304 4314 4342 4382 4841 4843
25 201 233 420 523 825 916 1049 1415 2196 2443 2623 2665 3406 3544 3661 3834 3922 4051 4084 4144 4390 4873 4941 4952 4985
23 47 318 429 631 923 966 1150 1227 1284 1899 2063 2295 2317 2422 2640 2854 2980 3239 3279 3304 3605 4367 4433
25 193 215 500 518 563 619 979 1043 1913 1923 2053 2077 2684 2766 2962 2974 3121 3624 4026 4149 4303 4326 4334 4440 4729
26 104 206 229 331 801 881 1010 1286 1741 1871 3019 3037 3204 3220 3346 3677 3835 4055 4107 4408 4610 4628 4660 4699 4895 4994
22 102 586 589 1297 1307 2109 2291 2724 2968 2985 3147 3446 3633 3715 3928 4059 4192 4359 4625 4732 4816 4930
22 20 167 307 725 1299 1471 1540 1648 1937 2533 2575 2627 2802 2936 2991 4016 4127 4218 4337 4847 4880 4903
28 251 254 326 335 398 1205 1383 1417 1441 1571 1671 1744 1878 1909 2177 2242 2254 2649 2870 3211 3237 3611 3725 4010 4141 4202 4530 4745
32 356 455 490 528 897 1148 1231 1600 1798 1812 1863 1873 1953 1966 2237 2354 2371 2466 2487 3011 3235 3293 3332 3400 3771 4317 4331 4413 4558 4830 4849 4859
21 73 151 154 173 256 503 863 1200 1379 1646 1652 2362 2621 2635 2805 2948 3136 3156 4567 4703 4852
19 303 744 1312 1512 1850 2355 2825 3312 3487 3513 4001 4114 4117 4294 4479 4545 4591 4615 4796
25 124 249 253 549 551 777 790 834 866 1326 1327 1501 1585 1900 1920 2561 2584 3117 3124 3203 4133 4151 4525 4810 4869
28 99 103 175 312 376 1184 1391 1494 1595 1756 1787 1993 2004 2327 2409 2492 2745 2989 3066 3122 3135 3294 3324 3325 3591 3882 3901 4706
19 278 1178 1215 1478 1936 1971 2066 2072 2103 2264 2567 2729 3148 3245 3527 3742 3817 4229 4993
18 271 382 655 713 957 1270 1372 1543 2052 2552 2695 2775 2897 3768 4157 4172 4246 4487
24 85 324 519 622 705 732 733 1028 1320 1539 2030 2498 2512 2785 2860 3387 3547 3608 3650 3906 4006 4469 4501 4511
26 84 259 273 540 718 809 1161 1163 1190 1623 1637 1943 2037 2174 2331 2882 3181 3224 3733 3761 3884 4101 4289 4464 4877 4957
29 37 196 269 379 618 1089 1333 1513 1851 1902 1964 2574 2603 2652 2793 2947 3055 3604 3669 3842 3910 4147 4321 4547 4614 4675 4686 4756 4836
19 183 391 514 867 1086 1371 1602 1694 1818 2023 2151 2381 2441 2482 3032 3435 3877 4230 4521
28 49 343 464 755 800 959 1138 1158 1521 1556 1665 1748 1819 1846 1881 3150 3182 3306 3357 3724 3866 3980 4041 4112 4238 4284 4916 4978
14 511 941 1261 1337 1447 2152 3169 3352 3466 3924 4061 4086 4865 4907
15 142 171 449 935 1223 1260 1323 1490 1573 1813 1888 2262 2402 2810 3134
25 78 110 265 319 548 607 907 1156 1166 1557 1677 1901 2033 2099 2270 2763 3018 3458 3568 3570 3758 3765 3859 4399 4858
22 366 512 785 1288 1789 1832 2163 2300 2316 2625 2646 2913 3027 3102 3577 3609 3880 3949 3962 4264 4398 4702
29 139 292 862 1102 1132 1160 1331 1336 1424 1435 1634 1777 1898 1998 2028 2585 2609 2893 3097 3193 3236 3537 3637 3805 3967 4028 4038 4039 4445
29 114 266 447 515 658 767 933 1272 1537 1663 1802 1824 2430 2671 2673 2778 2944 3116 3316 3678 3712 3936 4004 4032 4115 4226 4320 4423 4646
16 246 257 600 734 877 1013 1862 2086 2105 2250 2453 2827 2971 3573 3811 4792
33 2 260 372 424 541 650 671 721 999 1064 1090 1381 1432 1526 2226 2289 2521 2591 2622 2688 3172 3390 3555 3777 4150 4158 4236 4250 4327 4533 4626 4772 4926
35 133 134 169 275 305 546 726 1217 1457 1628 1649 1841 1864 2520 2576 2607 3013 3140 3243 3244 3302 3912 3913 4060 4082 4189 4384 4393 4405 4406 4482 4576 4622 4704 4754
30 90 129 299 621 699 775 1084 1091 1173 1254 1506 1549 1662 1865 2068 2116 2260 2271 2631 3327 3528 3732 4085 4091 4120 4466 4494 4563 4725 4807
25 284 592 697 716 914 929 930 1157 1434 1759 1852 1918 2107 2154 2359 2819 2921 3074 3280 3374 3600 4311 4357 4463 4655
33 64 68 132 213 498 623 638 640 691 761 795 808 817 2365 2842 3146 3230 3336 3351 3454 3501 3871 4152 4199 4281 4307 4353 4370 4468 4634 4711 4954 4966
37 136 377 513 606 729 924 1016 1271 1340 1352 1408 1443 1519 1555 1605 1695 1771 2590 2742 2759 2764 2853 3063 3175 3232 3307 3420 3488 3727 3827 4182 4394 4481 4489 4524 4722 4910
22 302 510 735 1142 2206 2236 2308 2324 2427 2573 2613 2721 3365 3775 3845 3852 4339 4517 4641 4643 4933 4934
18 392 543 1046 1056 1152 1653 2297 2536 2667 2762 2861 3412 3696 3894 4196 4305 4581 4659
25 35 40 240 550 1047 1140 1497 1618 1842 2065 2421 2560 2750 2836 2967 2984 3149 3378 3619 3908 3969 4119 4216 4492 4896
26 101 113 122 186 288 353 1191 1407 1459 1833 1903 1957 2001 2095 2408 2426 2636 2689 2702 2784 3685 3767 3813 4105 4407 4550
23 11 425 1122 1880 2043 2069 2219 2241 2345 2386 2504 2563 2651 2782 2814 2955 3597 3919 4102 4171 4552 4786 4947
25 98 177 204 581 628 1398 1681 2432 2608 2803 2850 2929 2930 3104 3395 3401 3701 3760 3787 3801 4048 4155 4177 4278 4312
21 60 108 111 1133 1454 1468 1732 1801 2437 3002 3493 3692 3735 3747 3829 3886 4080 4154 4377 4534 4603
32 117 146 338 465 730 843 944 1399 1578 1716 1758 1917 1983 1986 2329 2382 2406 2470 2490 2496 2514 3023 3109 3242 3284 3353 3448 3483 3531 3873 4309 4343
36 485 694 748 793 850 856 884 980 1008 1060 1324 1449 1451 1619 1650 1745 2012 2046 2114 2255 2548 2931 2977 3006 3025 3031 3207 3285 3423 3590 4040 4277 4352 4553 4616 4970
29 127 205 390 445 588 698 810 816 852 961 1096 1131 1492 1772 1834 1978 2464 2685 2945 2972 2999 3217 3464 3594 3867 4079 4366 4605 4854
30 93 453 474 492 1015 1093 1343 1448 1484 1654 2025 2146 2157 2375 2582 2746 2760 2823 2876 2951 3093 3550 4298 4485 4503 4743 4749 4758 4770 4850
35 58 79 360 431 487 620 915 978 1250 1384 1523 1839 2038 2124 2178 2200 2313 2351 2747 3024 3174 3379 3396 3585 3681 3719 3833 3869 4118 4205 4214 4395 4730 4748 4899
29 262 692 1021 1032 1197 1237 1718 1933 2026 2035 2079 2142 2368 2502 2516 2595 2707 3453 3644 3667 3674 3773 3802 3993 4174 4212 4516 4666 4848
26 405 558 561 833 844 851 1110 1330 1641 2049 2140 2284 2395 2479 2756 2872 2901 2969 3072 3736 3823 3951 3991 4093 4512 4972
22 56 408 569 715 960 1404 1438 1500 1762 1997 1999 2679 2715 2808 2856 3042 3530 3959 4217 4235 4606 4917
23 21 55 180 532 1247 1461 1493 1793 2092 2171 2373 2620 2748 2795 3064 3199 3291 3367 3421 3706 3954 4471 4866
20 105 245 283 509 520 678 905 1019 1460 1535 1642 1735 2212 2602 3525 3548 3916 4019 4285 4542
34 36 52 263 287 380 499 547 927 1221 1661 1831 1892 2145 2155 2378 2515 2629 2797 2826 2905 2996 3258 3380 3417 3575 3702 3895 3930 3955 4460 4679 4759 4764 4961
24 336 344 772 1011 1120 1724 1811 2032 2217 2259 2261 2282 2657 2912 3101 4008 4077 4142 4198 4257 4389 4426 4526 4560
18 71 577 643 1182 1317 1389 2326 2350 2711 2934 2993 3068 3355 3526 3652 3689 4779 4935
24 250 323 413 938 1179 1181 1572 1620 1876 1931 2003 2304 2693 2973 3198 3364 3522 3653 3682 4022 4034 4350 4718 4924
21 626 663 1248 1739 1785 1820 1928 2034 2082 2083 2101 2240 2298 2457 2772 2864 3289 3405 3986 4253 4338
26 188 765 1295 1310 1353 1475 1689 1915 1951 2060 2265 2346 2434 2468 2678 3120 3519 3534 3744 4446 4504 4539 4566 4693 4736 4791
26 116 217 1134 1422 1502 2110 2195 2252 2419 2650 2716 2829 3062 3075 3092 3469 3479 3499 3662 3749 3753 3900 3982 4129 4252 4775
15 333 1039 1464 1533 2723 2976 3054 3110 3252 3288 3847 3893 4092 4385 4449
30 86 234 576 946 997 1083 1168 1236 1968 2202 2414 2661 2683 3103 3388 3502 3554 3743 3861 3881 4072 4233 4351 4620 4826 4833 4876 4909 4940 4987
36 29 38 309 351 536 552 590 682 745 804 805 1072 1117 1201 1465 1764 1800 1854 1870 2112 2338 2869 2877 2911 2940 3173 3305 3415 3542 4014 4495 4522 4585 4700 4714 4721
21 141 508 517 624 967 985 1002 1304 1629 2400 2416 2524 2525 2664 2888 3810 4096 4122 4206 4665 4864
25 24 157 565 603 709 750 865 943 1230 1278 1536 1604 1655 1859 2604 2809 2919 2927 3114 3281 3616 3855 4568 4662 4992
20 279 975 1036 1239 1265 1301 1395 1473 1947 2580 2601 3246 3341 3455 3564 3647 3997 4259 4509 4717
28 91 130 170 255 264 602 1255 1378 1709 1753 2111 2137 2199 2273 2953 3059 3376 3684 4049 4146 4173 4220 4258 4322 4392 4417 4554 4889
23 15 18 354 407 496 525 798 1483 1782 1894 2176 2391 2518 2534 3313 3414 3482 3757 3779 3940 4005 4435 4475
23 308 340 427 486 727 969 1029 1302 1365 1921 1963 2058 2768 2904 3096 3383 3582 3826 4293 4751 4817 4976 4997
19 53 463 466 562 1069 1520 2302 2314 2700 2847 2956 3196 3358 3691 3960 4057 4067 4822 4971
14 868 1431 1706 1728 1996 2029 2182 2445 3806 4046 4109 4195 4593 4671
28 195 242 1119 1308 1369 1626 1672 1840 1893 2148 2222 2369 2424 2522 2628 2895 2924 2992 3044 3142 3371 3431 3613 3763 3974 4043 4381 4968
22 70 599 662 788 883 1313 1367 1488 1760 1926 1935 1954 2089 2366 2734 2928 3050 3227 3551 4036 4324 4378
20 161 684 887 982 1541 1767 1939 2292 2554 2669 3161 3226 3260 3697 3981 4148 4256 4344 4347 4753
18 200 212 433 952 1375 1426 1704 1945 2389 2848 3141 3269 3830 3938 3971 4070 4346 4750
26 119 652 822 901 976 1164 1213 1306 1550 1891 2031 2084 2209 2218 2528 2672 2918 2963 3218 3337 3363 3710 3800 4255 4424 4856
27 43 568 641 714 885 909 1366 1645 1932 2535 2697 3187 3408 3441 3445 3467 3625 3987 4018 4134 4176 4400 4575 4578 4594 4629 4788
23 26 232 596 711 1000 1114 1258 1436 1768 2108 2348 2440 2566 2755 3471 3498 3545 3610 4062 4207 4299 4409 4967
23 570 611 1100 1589 2379 2529 2739 2834 3087 3162 3164 3271 3328 3403 3663 3794 3838 3848 3914 4204 4362 4657 4955
23 932 1061 1208 1351 1440 1874 2062 2129 2186 2399 2705 2751 2863 2920 3043 3426 3474 3664 4125 4306 4881 4906 4959
20 12 423 1525 1564 2011 2045 2067 2096 2234 2296 2320 2358 2692 3056 3171 3858 4444 4697 4789 4818
30 310 361 526 580 625 741 770 820 1377 1607 1714 2039 2138 2162 2228 2279 2452 2612 2866 3029 3216 3672 3764 3798 3976 3983 4674 4688 4737 4915
21 6 873 1155 1228 1498 1625 1752 2230 2268 2385 2388 2658 3000 3070 3090 3368 3658 4121 4602 4691 4776
32 23 144 409 564 646 835 1055 1135 1165 1203 1390 1470 2048 2080 2094 2281 2323 2741 2909 2941 3098 3425 3649 4160 4345 4376 4397 4486 4604 4619 4716 4829
25 17 174 320 763 778 1209 1419 1456 1944 2015 2239 2290 2543 2626 2833 3081 3214 3261 3638 3966 4017 4261 4515 4673 4989
29 185 210 653 806 945 1242 1275 1430 1469 1472 1528 1574 1639 1987 2208 2448 2641 2666 2727 3212 3468 3851 4168 4179 4341 4428 4480 4656 4840
38 16 31 362 428 695 751 891 1296 1781 1784 1827 1879 1904 1985 2088 2393 2451 2643 2699 2806 2824 2925 3296 3385 3511 3515 3709 3762 3932 4087 4111 4273 4374 4551 4676 4777 4845 4949
26 115 225 371 615 660 988 1315 1586 2118 2267 2429 2581 2676 2830 3539 3716 3748 3781 3814 3853 4248 4267 4687 4723 4819 4929
28 159 274 412 614 669 1088 1294 1713 1731 1927 2166 2193 2325 2347 2761 2767 3158 3375 3398 3465 3509 3740 4064 4143 4387 4613 4728 4761
18 30 291 572 633 899 902 1350 2085 2131 2167 3300 3552 4035 4169 4201 4418 4787 4984
17 140 301 432 644 921 1280 1425 1680 1698 1907 1975 2356 2572 2871 2932 3990 4948
20 150 328 1216 1241 1444 1446 1529 1606 2269 2303 2349 2565 2677 2878 3127 3257 3462 3546 3595 4379
24 166 304 330 555 987 1180 1238 1240 1289 1382 1676 2663 2743 2852 2881 3015 3089 3184 3639 3729 3788 4108 4316 4855
24 121 341 869 876 1020 1042 1051 1081 1087 1487 1570 1575 1848 1872 2251 2274 2639 2902 2983 3905 4089 4225 4839 4981
35 393 446 544 666 685 731 900 983 1281 1596 1906 1952 1960 1973 2036 2220 2307 2392 2458 2480 2674 2774 2815 2846 3299 3793 4012 4024 4371 4380 4710 4828 4938 4965 4986
16 289 329 963 1027 1107 1970 3009 3185 3648 3686 3883 4156 4180 4472 4823 4927
19 268 327 364 661 971 991 1581 1601 1614 2071 2229 2272 2433 2950 3080 3250 4088 4197 4689
27 125 160 479 746 1172 1357 1394 1524 1630 1823 1962 2019 2122 2374 2611 3069 3200 3259 3449 3485 3821 3860 3920 4535 4888 4911 4958
26 789 1171 1266 1285 1370 1373 1479 1499 1507 1658 1815 1977 2076 2311 2460 2593 2615 3040 3654 3776 4167 4244 4496 4904 4964 4996
26 34 65 191 241 574 689 1252 1423 1877 1965 2022 2147 2190 3286 3507 3540 3571 3615 3708 3734 3934 4045 4153 4448 4611 4623
29 69 348 350 452 459 657 774 831 1065 1218 1522 1715 1843 2203 2420 2444 2780 3298 3359 3602 3657 3659 3899 3946 3965 4073 4537 4653 4950
33 194 395 437 476 579 853 1024 1167 1244 1354 1505 1897 2000 2227 2588 2701 2879 2886 2997 3170 3202 3254 3255 3320 3424 3690 3745 3947 4031 4269 4431 4459 4773
28 120 222 276 559 690 829 1170 1204 1309 1355 1418 1576 2074 2115 2133 2682 2737 2796 3057 3195 3253 4137 4166 4287 4565 4618 4802 4838
23 506 538 616 651 922 1187 1338 1405 1466 1599 2102 2330 2537 2787 2907 3409 4276 4330 4396 4421 4456 4863 4969
26 61 135 896 917 920 1097 1207 1477 1480 1845 2097 2123 2172 2180 2372 2862 3038 3641 3778 3849 3970 4098 4422 4490 4639 4746
29 416 821 888 1149 1291 1300 1388 1534 1755 1980 2463 2578 2624 2769 2917 2986 3039 3356 3543 3656 4363 4499 4557 4577 4601 4684 4708 4726 4918
19 482 566 604 667 1045 1177 1185 1374 2500 3045 3197 3308 3931 4042 4372 4814 4821 4878 4887
34 197 244 399 702 738 965 1169 1342 1514 1559 1647 1757 1788 1826 2121 2357 2675 2691 2828 2889 3143 3384 3635 3927 3972 4159 4232 4274 4624 4695 4784 4835 4861 4942
24 48 483 645 796 802 1067 1082 1210 1427 2233 2475 2957 3067 3282 3343 3567 3796 3797 3799 3945 3998 4054 4368 4884
23 94 286 444 634 659 875 895 1062 1329 1392 1416 1925 2477 2708 2788 2938 3630 3808 3841 3929 4328 4483 4630
29 306 387 693 1095 1325 1531 1678 1751 1941 1976 2333 2589 2645 2966 3008 3228 3491 3579 3598 3670 4116 4136 4191 4222 4467 4632 4635 4769 4982
21 137 791 840 918 1486 1527 1554 1591 1640 1805 2310 2390 2473 2544 2596 2681 3256 3484 4215 4529 4658
26 46 126 209 220 238 248 1103 1136 1154 1195 1314 1349 1551 1598 1693 1829 2056 2070 2387 2405 2488 2531 3249 4369 4599 4797
29 163 373 504 531 769 903 904 1322 1608 1822 1994 2173 2207 2476 2642 2981 3036 3086 3178 3339 3726 3791 3973 4647 4661 4692 4694 4811 4891
25 9 297 736 1030 1144 1339 1356 1380 2125 2456 2562 2703 2874 3154 3272 3457 3494 3503 3846 4245 4454 4518 4540 4608 4860
24 97 123 165 554 593 934 1176 1193 1875 2214 2439 2798 2816 2841 2855 3084 3208 3563 3675 3868 3942 3964 4738 4922
25 591 754 882 968 1116 1276 1385 1442 1450 1990 1992 2156 2436 2568 3052 3088 3404 3565 3621 3738 3999 4333 4364 4441 4908
17 346 1033 1106 1346 1542 1717 1828 1844 1991 2411 2838 2937 2965 3578 3703 3896 4532
23 33 145 148 223 316 439 556 722 849 879 1071 1206 1566 1701 2197 2511 3065 3290 3923 4291 4420 4429 4874
26 0 415 859 1257 1754 1794 2141 2417 2428 2662 2714 2730 2942 3333 3432 3456 3470 3694 3720 3917 4315 4349 4437 4771 4795 4857
24 28 74 675 1040 1076 1085 1199 1984 2020 2364 2799 2970 3030 3872 4033 4065 4570 4727 4768 4778 4785 4892 4962 4991
23 179 471 642 668 1070 1393 1825 1887 1914 2002 2435 2483 2506 2509 2632 2722 3481 3614 3804 3995 4282 4709 4905
26 468 1068 1224 1298 1401 1421 1697 1708 1722 1868 2139 2160 2964 3053 3073 3108 3265 3508 4056 4219 4272 4356 4497 4510 4633 4939
22 181 359 557 630 845 1243 1603 1810 1883 1885 2225 2465 3071 3159 3345 3394 3429 3561 3617 3770 4190 4871
22 81 155 1026 1495 1510 1568 1656 1723 1817 2134 2221 2277 2438 2990 3347 3584 4009 4097 4266 4401 4595 4897
19 664 696 1219 1361 1796 1830 2709 2890 3180 3270 3397 3422 3583 3645 3994 4242 4411 4696 4851
23 203 239 807 973 992 1038 1053 1104 1692 2047 2215 2690 3301 3334 3576 3728 4358 4438 4451 4672 4739 4898 4951
28 156 629 1175 1685 1807 2041 2278 2287 2306 2410 2459 2484 2618 2749 2807 2954 3125 3215 3348 3553 3603 3651 3925 4243 4247 4336 4794 4820
23 63 803 986 1282 1403 1638 1835 1979 2165 2275 2352 2461 3007 3229 3318 3532 3713 3737 4027 4123 4239 4249 4831
22 77 332 467 780 958 1292 1463 1518 1659 1668 1770 1837 1855 2425 2840 2887 3167 3393 3828 3840 4627 4734
22 1560 1804 2276 2312 2318 2353 2401 2555 2597 2777 2794 2995 3500 3601 4015 4498 4580 4588 4677 4837 4900 4990
21 300 314 710 878 995 1077 1491 1702 2286 2376 2771 3126 3190 3340 3556 3892 3985 4181 4523 4592 4783
23 357 358 491 828 894 998 1034 1290 1627 1705 2073 2413 2532 2606 2817 3139 3194 3234 3478 4124 4263 4354 4977
20 72 488 612 823 1079 1196 2098 2235 2832 2923 3048 3166 3222 3566 3714 3812 4076 4375 4650 4760
21 367 397 712 728 1108 1127 1143 1174 1347 2009 2061 2321 2804 3112 3205 3438 3517 3711 4648 4834 4914
29 270 411 472 475 534 886 1017 1147 1580 2013 2040 2245 2247 2558 2710 2835 2949 3107 3377 3755 3953 3978 4126 4254 4546 4681 4801 4923 4998
20 230 337 494 1025 1293 1569 1664 1743 2090 2179 2334 2407 2564 2719 2791 3437 3862 4104 4402 4559
23 149 190 406 489 597 1125 1396 1610 1761 2057 2315 2454 2485 3262 3263 3335 3492 3676 4132 4138 4447 4763 4765
24 383 974 1005 1118 1269 1359 1458 1670 1740 1747 1763 2266 2610 3105 3315 3370 3599 3952 4071 4110 4391 4412 4583 4870
29 89 404 438 443 481 533 601 688 708 747 908 913 1202 1474 1730 2243 2285 2527 2660 2718 2726 3155 3160 3418 3627 3890 4555 4862 4945
34 80 131 272 426 1059 1246 1305 1414 1544 1561 1687 1729 2016 2055 2169 2447 2481 2594 2720 2800 2865 3003 3016 3026 3094 3221 3477 3521 3592 3634 4470 4491 4664 4886
23 460 587 649 686 898 994 1321 1387 1508 1609 1632 1989 2126 2309 2446 2712 2792 3157 3323 3693 4131 4453 4724
36 187 374 457 912 989 1214 1268 1279 1328 1669 1691 1821 2224 2301 2396 2569 2783 2867 2939 2978 3274 3402 3442 3480 3510 3518 3739 3786 3824 3825 4068 4164 4301 4638 4766 4793
32 345 441 608 757 911 948 1054 1066 1075 1267 1429 1462 1516 1584 1775 1778 1908 1929 2021 2442 2519 2736 2831 2884 2979 3165 4094 4224 4290 4310 4340 4442
24 106 247 456 704 742 928 949 954 970 1109 1455 1587 1673 1766 2128 2205 2637 2731 3475 3780 4234 4275 4443 4598
23 214 436 584 759 792 794 1548 1688 1720 1814 1836 2054 2494 2556 2586 2908 3360 3490 3680 4162 4439 4757 4798
25 237 861 1050 1211 1402 1558 1679 1955 2104 2248 2551 2849 2958 3085 3618 3759 3857 4000 4103 4135 4262 4271 4528 4667 4815
26 277 352 529 717 724 855 964 1001 1003 1073 1259 1545 1857 2027 2539 2571 2738 2880 3046 3342 3450 3818 3933 4227 4579 4885
33 202 339 422 451 505 674 706 799 870 890 892 931 993 1145 1597 1882 2018 2238 2704 2752 2820 3035 3099 3183 3223 3310 3331 3512 3626 4013 4373 4902 4953
14 293 617 1803 1816 1866 2183 2322 2450 3131 3338 3495 3795 3816 4827
24 325 370 394 418 605 764 936 1111 1159 1363 1386 1503 1838 2472 2495 2686 3496 3580 4308 4430 4564 4571 4690 4973
26 7 39 322 493 857 1797 1809 2059 2136 2449 2530 3100 3309 3679 3754 3943 3950 4023 4053 4200 4636 4701 4804 4824 4901 4979
26 8 147 226 527 542 613 632 756 830 919 1126 1700 1707 1949 2075 2194 2559 3439 3891 4020 4268 4462 4502 4514 4548 4844
32 45 347 400 1262 1348 1453 1482 1660 1746 1791 1950 2081 2337 2526 2668 2754 2903 2952 3034 3209 3329 3593 3741 3918 4066 4099 4163 4325 4556 4572 4767 4975
17 267 317 937 953 1253 1316 1774 2341 2659 2857 3247 3344 3433 3623 3909 3915 4175
21 153 553 926 1220 1400 1476 1616 1922 2184 2770 3051 3111 3632 3687 3785 4011 4075 4386 4527 4631 4944
29 594 609 677 739 939 1078 1121 1439 1532 1538 1579 1795 1911 3014 3058 3276 3354 3382 3407 3476 3516 3562 3636 3730 3907 3984 4007 4538 4731
33 25 281 560 610 773 841 1052 1188 1189 1232 1233 1319 1590 1643 1742 2006 2493 2505 2670 2757 2899 3179 3273 3560 3581 4052 4265 4283 4295 4584 4741 4932 4983
31 1 285 477 484 771 776 854 906 1080 1162 1277 1509 1583 1588 1674 1696 1699 1959 2246 2361 2394 2523 2647 2844 3620 3921 3977 4210 4427 4733 4846
25 32 88 236 578 639 719 1186 1406 1940 2189 2335 3021 3287 3303 3317 3535 3746 3766 3863 3939 4506 4645 4712 4781 4936
24 50 62 375 430 434 737 1057 1413 2170 2455 2467 2540 2541 2885 2894 3248 3311 3504 3514 3854 4223 4561 4762 4919
35 59 178 836 1006 1105 1153 1376 1895 1916 1974 2161 2201 2223 2404 2713 3049 3060 3133 3225 3266 3569 3586 3606 3671 3718 3782 3783 3831 3904 3963 4074 4476 4589 4705 4806
23 67 296 442 495 680 874 1194 1433 1727 1750 1867 2042 2216 2486 2694 2758 2813 3497 4029 4484 4682 4774 4894
34 95 182 184 208 665 837 848 1012 1146 1411 1563 2100 2319 2380 2383 2418 2545 2732 2822 2987 3079 3095 3213 3410 3436 3989 4047 4081 4194 4735 4832 4882 4890 4956
17 76 654 813 1014 1517 1635 1905 2332 2431 2998 3118 3233 3695 3941 3961 4508 4698
22 19 227 537 766 1615 1712 1738 1792 1890 2017 2051 2210 2744 2773 3130 3219 3330 4003 4365 4415 4586 4719
24 378 435 753 838 1115 1335 1345 1428 1675 1736 2191 2513 2549 2733 2858 3004 3322 3784 4050 4211 4361 4432 4590 4740
23 198 252 758 872 910 1128 1234 1332 1397 1621 1666 1725 1799 2415 3041 3292 3588 3815 4478 4500 4549 4893 4925
29 216 219 334 402 440 521 683 687 811 827 1360 1437 1657 1779 2135 2510 2617 2717 2906 3076 3413 3529 3789 3887 4279 4436 4609 4799 4853
32 3 75 417 454 681 700 826 996 1099 1593 1773 1919 2127 2204 2299 2340 2503 2547 2638 2801 2915 2959 3078 3411 3520 3524 3628 3897 4185 4297 4670 4803
27 207 501 583 743 760 781 819 1311 1341 1582 2044 2153 2244 2384 2403 2501 2706 3091 3132 3168 3700 3968 3996 4360 4607 4713 4790
17 10 280 368 598 1942 3361 3646 3807 4139 4188 4240 4280 4332 4587 4651 4842 4883
31 172 414 522 839 842 962 1485 1562 1611 1884 2091 2119 2143 2158 2188 2263 2294 2557 2599 3129 3295 3321 3369 3419 3596 3622 3774 3870 4209 4461 4621
31 138 243 384 401 462 635 703 1226 1235 1274 1318 1412 1912 2113 2570 2598 2779 3399 3473 3836 3956 3975 4002 4288 4300 4410 4434 4617 4644 4668 4963
19 294 779 815 847 1031 1612 1631 2583 2600 2883 2961 3145 3587 3668 4183 4455 4457 4747 4872
25 762 768 832 858 951 1129 1622 1749 2398 2653 2696 3020 3373 3451 3549 3688 3705 3944 3957 4100 4286 4388 4419 4544 4720
27 54 342 461 670 679 720 812 925 1139 1592 1847 1886 2117 2725 2812 3119 3319 3660 3790 3911 3948 4025 4044 4193 4404 4458 4505
20 100 118 218 290 942 1651 1726 1967 2293 2614 3268 3875 3902 4030 4329 4335 4403 4680 4879 4920
25 258 585 1058 1368 1969 1972 2093 2249 2344 2821 2891 2994 3005 3192 3240 3505 3750 3839 3889 4170 4260 4596 4868 4931 4960
28 82 211 311 507 571 595 647 1009 1113 1251 1420 1515 1547 1690 1765 2328 2367 2397 2922 3113 3389 3460 3559 3665 3666 3717 3819 3876
28 14 228 235 567 582 782 1048 1137 1636 1686 1946 2078 2538 2605 2839 2900 3366 3756 3809 3992 4069 4318 4323 4348 4569 4574 4755 4999
27 13 386 814 846 1273 1737 1858 2253 2474 2489 2579 3082 3163 3275 3362 3533 3538 3574 3822 3850 3864 4178 4203 4669 4780 4867 4912
23 57 112 295 363 388 478 797 1018 1565 1710 1861 1930 2185 2377 2587 2926 3128 3189 3349 3723 4058 4106 4228
35 128 355 473 480 539 1212 1263 1409 1467 1682 1896 1995 2175 2213 2508 2546 2698 2837 2896 3176 3264 3434 3472 3572 3683 3722 3820 3843 4128 4452 4493 4543 4637 4654 4744
18 162 723 1035 1098 1249 1553 1948 2130 2680 2859 2875 3391 3447 3640 3772 4649 4980 4988
20 27 41 497 784 824 1041 1092 1283 1358 1719 1981 2007 2008 2550 3061 3381 4113 4187 4319 4685
18 5 168 221 502 871 1074 1481 1733 1734 2257 2517 2553 3238 3277 3416 4221 4652 4937
26 87 421 818 893 1112 1780 1790 2181 2232 2288 2336 2497 2507 2630 2644 2781 2892 3201 3278 3326 3888 4021 4145 4231 4241 4597
24 143 369 981 990 1303 1410 1530 1546 1613 1783 2343 2370 2616 2851 3047 3461 3878 3937 4083 4251 4416 4425 4683 4813
28 51 192 410 450 469 950 955 972 1044 1063 1123 1198 1334 1924 1961 2120 2280 2342 2648 2753 2789 2988 3486 3589 4078 4140 4531 4707
26 164 282 385 889 1101 1577 1683 1956 1982 2168 2654 2776 2845 3177 3206 3231 3372 3523 3769 3792 4063 4130 4208 4612 4640 4808
20 66 740 752 860 1022 1364 1703 2150 2305 3210 3251 3314 3459 3506 3643 3721 3832 3856 4184 4913
24 261 524 627 672 1489 1644 1711 1934 2633 3077 3386 3607 3631 3874 3979 4095 4161 4313 4473 4477 4536 4562 4825 4995
26 22 44 158 298 673 676 786 1037 1624 1776 1889 2132 2164 2898 3010 3241 3673 3698 3803 3926 4465 4642 4742 4805 4921 4943
29 4 396 403 1004 1192 1344 1684 1988 2014 2064 2198 2258 2412 2491 2592 2655 2728 2946 2960 3151 3152 3612 3903 3935 4186 4355 4582 4600 4678
21 189 224 575 1910 2005 2159 2231 2478 2542 2656 2811 3017 3138 3186 3297 3350 3557 3642 4414 4519 4782
100
189 104
28 71
111 181
107 134
159 176
73 60
69 76
154 109
46 153
66 19
106 61
40 16
179 156
129 78
119 49
171 103
160 162
197 173
133 167
34 154
150 178
194 15
51 26
166 69
151 107
196 120
44 118
14 187
188 106
66 22
40 197
64 23
27 123
5 73
85 97
151 160
122 1
186 2
192 119
35 39
152 92
59 28
132 57
175 0
124 146
30 105
168 199
25 89
4 77
81 82
56 194
135 8
13 40
21 170
161 183
102 43
135 86
34 180
75 35
112 93
166 37
79 165
101 58
13 191
182 172
6 168
7 129
62 121
143 159
139 87
186 48
130 177
138 72
126 63
85 142
151 27
5 145
5 94
147 128
132 130
169 55
140 70
140 185
54 66
127 161
152 132
101 100
85 186
31 151
84 164
6 30
195 90
62 10
125 99
9 24
95 122
62 21
171 56
102 138
196 52
